normal:
  female:
    age_stats:
      max: 84
      mean: 25.866141732283463
      min: 9
      std: 11.822166204160999
    total: 381
  male:
    age_stats:
      max: 69
      mean: 31.69291338582677
      min: 16
      std: 11.924009599013644
    total: 254
pathological:
  female:
    age_stats:
      max: 94
      mean: 48.90943396226415
      min: 12
      std: 14.729421762699806
    total: 530
  male:
    age_stats:
      max: 89
      mean: 54.326530612244895
      min: 12
      std: 14.714975123965177
    total: 343
