normal:
  female:
    age_stats:
      max: 84
      mean: 27.601382488479263
      min: 9
      std: 13.374793810892292
    total: 3943
  male:
    age_stats:
      max: 69
      mean: 33.952229299363054
      min: 16
      std: 12.976475816802251
    total: 3479
pathological:
  female:
    age_stats:
      max: 94
      mean: 47.574735782586814
      min: 12
      std: 15.944634468172477
    total: 5961
  male:
    age_stats:
      max: 89
      mean: 51.617853795688845
      min: 14
      std: 15.851857829865043
    total: 4436
