normal:
  female:
    age_stats:
      max: 84
      mean: 27.601382488479263
      min: 9
      std: 13.374793810892292
    total: 5137
  male:
    age_stats:
      max: 69
      mean: 35.85154880187025
      min: 16
      std: 13.953053063604973
    total: 4352
pathological:
  female:
    age_stats:
      max: 94
      mean: 44.751633986928105
      min: 12
      std: 16.958655852501956
    total: 6732
  male:
    age_stats:
      max: 89
      mean: 46.05392773683264
      min: 14
      std: 17.185295459240326
    total: 6584
