normal:
  female:
    age_stats:
      max: 84
      mean: 27.512544802867385
      min: 9
      std: 13.347554688502079
    total: 279
  male:
    age_stats:
      max: 69
      mean: 32.97674418604651
      min: 16
      std: 12.380811902651331
    total: 215
pathological:
  female:
    age_stats:
      max: 94
      mean: 49.005037783375315
      min: 12
      std: 15.376585072637017
    total: 397
  male:
    age_stats:
      max: 89
      mean: 53.530249110320284
      min: 14
      std: 15.020936921815197
    total: 281
