normal:
  female:
    age_stats:
      max: 62
      mean: 37.36363636363637
      min: 20
      std: 13.967804662851178
    total: 59
  male:
    age_stats:
      max: 66
      mean: 55.237037037037034
      min: 23
      std: 6.748363436106728
    total: 474
pathological:
  female:
    age_stats:
      max: 70
      mean: 26.742574257425744
      min: 21
      std: 9.157191877633785
    total: 404
  male:
    age_stats:
      max: 70
      mean: 29.805389221556887
      min: 22
      std: 8.042370958171006
    total: 502
